camera_id: cam_front
resolution:
- 4032
- 3024
camera_matrix:
- - 3005.2239012425716
  - 0.0
  - 1999.3916861949792
- - 0.0
  - 3032.999128680599
  - 1539.121675530931
- - 0.0
  - 0.0
  - 1.0
distortion_coefficients:
- 0.25177511010908293
- -1.3720857947328113
- 0.0012352848794917565
- -0.0008409951078792829
- 2.172401492090172
reprojection_error_px: 1.1892273111769212
