camera_id: cam_1
resolution:
- 1920
- 1080
camera_matrix:
- - 1978.6313209419848
  - 0.0
  - 958.1732072734001
- - 0.0
  - 1992.167239701013
  - 505.0144551495121
- - 0.0
  - 0.0
  - 1.0
distortion_coefficients:
- 0.25863112410626227
- -1.6101891897555507
- -0.0005754409330486103
- -0.002618422344664469
- 3.736051658474728
reprojection_error_px: 0.5456095078477404
