camera_id: cam_3
resolution:
- 1920
- 1080
camera_matrix:
- - 2014.8405391020278
  - 0.0
  - 947.3416750862639
- - 0.0
  - 2015.5885738240493
  - 538.2599107989121
- - 0.0
  - 0.0
  - 1.0
distortion_coefficients:
- 0.18299575389207567
- -0.6757190895219011
- 0.00237932357008489
- 0.00016068046376989343
- 0.2369040051336336
reprojection_error_px: 0.46346747404903804
