camera_id: cam_3
resolution:
- 1920
- 1080
camera_matrix:
- - 1139.3576475538107
  - 0.0
  - 918.3430826882245
- - 0.0
  - 1141.225722424754
  - 538.4752550764754
- - 0.0
  - 0.0
  - 1.0
distortion_coefficients:
- 0.09668113826239758
- -0.23878784440379727
- -0.0040806858543720745
- -0.00012304544693017387
- 0.12668438816916502
reprojection_error_px: 0.6527832410673355
