camera_id: cam_2
resolution:
- 3024
- 4032
camera_matrix:
- - 3104.8672345218406
  - 0.0
  - 1512.8057317560995
- - 0.0
  - 3087.5905145356437
  - 2036.5807392752472
- - 0.0
  - 0.0
  - 1.0
distortion_coefficients:
- 0.24083943493637325
- -1.2540480668892946
- 0.0011128829205843316
- 0.0015839901456801179
- 1.9712308348855256
reprojection_error_px: 2.1232806501002033
